1 00015U 59004  A 59272.62543869  .00008106 +00000-0 +00000-0 0  9997
2 00015 046.9509 049.6823 7601812 047.2577 341.8928 01.88913924001001
1 00170U 61020  A 62006.49823000  .00000000 +00000-0 +00000-0 0  9997
2 00170 033.8290 154.3199 8436000 179.3000 182.4383 00.90303905001300
1 00432U 62051  A 65106.86109634  .00000000 +00000-0 +00000-0 0  9998
2 00432 033.6000 212.2097 8681490 141.0172 333.9797 00.66732046001228
1 00445U 62059  A 65295.78699703  .00001558 +00000-0 +00000-0 0  9990
2 00445 018.0402 259.6239 5606421 254.7222 039.4907 04.62410654050216
1 00674U 63039A   17188.99088534 -.00000316  00000-0  00000+0 0  9999
2 00674  26.6946 195.0207 5924984 116.6382 359.2663  0.22202230 43592
1 00675U 63039  B 64343.21021552  .00000001 +00000-0 +00000-0 0  9998
2 00675 035.8996 190.4049 8736961 179.5779 183.1917 00.62085979002628
1   692U 63039C   18236.14976426 -.00001479 +00000-0 +00000-0 0  9999
2   692 027.2026 342.0351 6396976 210.0920 087.3147 00.22178276044278
1 00693U 63046  A 65251.80305711  .00000000 +00000-0 +00000-0 0  9991
2 00693 035.1949 239.2015 8970900 162.1051 295.8661 00.25665457001752
1 00830U 64038  B 83251.32750317  .00413117 -12280-3 +88205-4 0  9990
2 00830 065.8514 191.9624 8342876 043.6280 357.4186 01.13276446076703
1 00836U 64040A   17191.02635101  .00000081  00000-0  00000+0 0  9996
2 00836  75.7150 311.5204 5262090 219.0396 359.9748  0.23901519 46289
1   837U 64040B   17215.03688706 -.00000943 +00000-0 +00000-0 0  9993
2   837 033.0826 272.2111 7980820 237.8610 359.0133 00.24306808046509
1 00838U 64040  C 65241.42661616  .00000049 +00000-0 +00000-0 0  9996
2 00838 038.2958 180.0547 8855858 187.6676 124.0118 00.61303366002501
1 00889U 64060  A 65324.46104808  .00000000 +00000-0 +00000-0 0  9992
2 00889 033.7150 193.3345 8648598 178.8563 188.0506 00.69219392002865
1 01324U 65030  A 79100.09643770  .01077126 +00000-0 +00000-0 0  9991
2 01324 064.0482 061.7478 7114519 222.3756 058.2615 02.57634776102292
1 01388U 65042  A 67300.54166666  .00000000 +00000-0 +00000-0 0  9993
2 01388 053.6069 195.5879 7162000 181.4066 192.5359 00.17262629001456
1  1458U 65058A   18266.47681222 -.00000886 +00000-0 +00000-0 0  9990
2  1458 022.6140 002.4376 5103290 241.9932 358.8774 00.21413622006040
1 01459U 65058B   17306.86866705 -.00000859  00000-0  00000+0 0  9998
2 01459  13.1237  53.9302 4776977 318.1066   0.6551  0.21446757 41303
1 01460U 65058  C 65295.04027776  .00000000 +00000-0 +00000-0 0  9995
2 01460 036.8820 209.6380 8889900 154.7840 355.9470 00.55487226000506
1 01621U 65080  A 66285.46722560  .00000000 +00000-0 +00000-0 0  9998
2 01621 064.9304 096.1665 7384357 277.8477 011.6840 02.00962743007325
1 01870U 65108  B 73365.72780178  .00000000 +00000-0 +00000-0 0  9990
2 01870 026.4304 164.3556 6014364 063.2935 345.2162 04.09599566000005
1 02195U 66049  A 71104.91666666  .00000000 +00000-0 +00000-0 0  9991
2 02195 076.3199 046.8108 6608399 002.1519 121.6881 00.49459428008954
1  2258U 66058A   71132.50000000 +.00000700 +00000-0 +00000-0 0  9998
2  2258 024.1400 173.5399 2833030 119.2000 021.7899 00.03712071001423
1 02501U 66092  A 68185.45052118  .00011612 +00000-0 +00000-0 0  9996
2 02501 064.9790 090.1137 7517633 271.1747 012.5604 02.02111603012509
1  2765U 67040A   17160.35972952 -.00000844 +00000-0 +00000-0 0  9991
2  2765 009.5795 031.2927 4777987 178.5699 000.8787 00.21457679039312
1 02767U 67040C   68153.00000000  .00000010  00000-0  10000-3 0  9997
2 02767  35.6700 157.5860 7494300 184.1509 146.7360  0.50847655  1561
1  2768U 67040D   68153.00000000 +.00000002 +00000-0 +10000-3 0  9999
2  2768 035.1200 158.1220 7498300 182.8470 233.1980 00.50865975001402
1  2769U 67040E   80041.25487397 -.00000661 +00000-0 +10000-3 0  9997
2  2769 036.7576 324.1564 8398040 024.7527 358.0539 00.50891253012665
1 02805U 67046  A 77340.00999975  .00000040 +00000-0 +00000-0 0  9991
2 02805 051.6505 205.1164 8282021 210.2577 258.5481 01.23025155047339
1 02817U 67051  A 69049.00000000  .00000000 +00000-0 +00000-0 0  9995
2 02817 071.5550 164.7120 9288199 194.1368 299.8930 00.23167869001476
1 02822U 67052  A 71308.20386330  .01098580 +00000-0 +00000-0 0  9999
2 02822 064.6707 037.8148 7167580 255.7418 021.5161 02.51074243032990
1 02925U 67082  A 68363.22104176  .55264687 +00000-0 +00000-0 0  9993
2 02925 065.2975 050.7420 2962672 274.5849 052.7369 09.77219089010606
1 03138U 68014A   11178.41388889 +.00004910 -34713-5 +10000-3 0  9993
2 03138 048.9989 047.3055 9169745 110.7341 359.9781 00.39588615061460
1 03429U 68081  B 70067.73611111  .00000000 +00000-0 +00000-0 0  9992
2 03429 026.1050 039.3754 5992388 082.7100 304.7064 04.16686703014771
1 03469U 68085  A 76189.04101656  .40133448 +00000-0 +00000-0 0  9990
2 03469 064.2292 046.4008 3349071 234.4117 089.7175 09.02726107056798
1 03595U 68109  A 70339.19222221  .00000000 +00000-0 +00000-0 0  9999
2 03595 061.7822 104.4787 7665399 317.6551 011.1605 00.21477763008957
1 03619U 68115  A 73147.63708227  .00034609 +00000-0 +00000-0 0  9999
2 03619 064.8084 044.0358 7490948 252.8231 019.5471 02.03794470032816
1 03626U 68118  A 68356.65757754  .00000000 +00000-0 +00000-0 0  9995
2 03626 030.7142 141.9251 9763415 029.5976 000.0393 00.05901781000008
1  3950U 69046A   70228.76458333 -.00000733 +00000-0 +10000-3 0  9998
2  3950 033.9870 151.3720 6739400 198.9070 286.9198 00.46154007001057
1  3951U 69046B   71120.18240740 -.00000433 +00000-0 +10000-3 0  9995
2  3951 032.9470 146.6540 6908899 208.7530 240.4898 00.46230172003345
1  3952U 69046C   71120.14659721 -.00000433 +00000-0 +10000-3 0  9995
2  3952 032.9340 146.7171 6905699 208.5650 226.4278 00.46228367003326
1  3954U 69046D   17006.02609932  .00000838  00000-0  10000-3 0  9994
2  3954  51.8008 241.5534 5676989  77.7282 337.5303  0.21508210 37410
1  3955U 69046E   84131.00025463 -.00000475 +00000-0 +10000-3 0  9995
2  3955 061.0496 050.4191 3336010 080.9349 045.4097 00.21490366011720
1 03990U 69053  A 71143.00000000  .00000000 +00000-0 +00000-0 0  9990
2 03990 084.5490 103.6502 8912969 205.2020 103.6657 00.29747246002017
1 04043U 69061  A 71166.15609264  .48956120 +00000-0 +00000-0 0  9992
2 04043 065.0532 059.4060 3296739 268.5148 054.2618 09.22558529014201
1 04336U 70013  A 75230.15168856  .00070276 +00000-0 +00000-0 0  9996
2 04336 065.3678 132.6977 7526092 234.6476 031.1186 02.02505231040230
1  4366U 70027A   17165.07225271 +.00000839 +00000-0 +00000-0 0  9991
2  4366 044.0650 200.7619 6724906 070.1805 000.1925 00.21488854030651
1  4368U 70027B   17166.00298444 +.00000785 +00000-0 +00000-0 0  9999
2  4368 042.6293 199.0001 6881380 069.8483 000.3067 00.21515864005543
1 04430U 70049  A 76041.88966989  .30760265 +00000-0 +00000-0 0  9991
2 04430 064.9475 031.1617 3314782 238.2743 085.2659 09.18798832042055
1 04569U 70077  A 76075.78438997  .34351395 +00000-0 +00000-0 0  9998
2 04569 064.2968 167.0840 4213233 239.6430 072.2312 07.18379901040356
1 04779U 70101  A 75205.11993358  .00002501 +00000-0 +00000-0 0  9992
2 04779 065.1774 066.4141 7521495 242.9920 024.7371 02.00692936034123
1 04829U 70114  A 72164.39315492  .00000162 +00000-0 +00000-0 0  9991
2 04829 065.0606 111.8798 7434820 272.0918 012.9138 02.00637145010744
1 05043U 71019  A 71130.00000000  .00000000 +00000-0 +00000-0 0  9992
2 05043 031.3520 224.6786 9195299 311.8548 290.0032 00.24135506000122
1 05367U 71064  A 77178.70978871  .01314367 +00000-0 +00000-0 1  9992
2 05367 064.8002 060.0013 7341050 234.5893 033.8713 02.28871059043393
1 05620U 71100  A 73275.97436179  .00004767 +040330  +00000-0 0  9995
2 05620 065.4798 087.6604 7526716 265.7514 014.1160 02.01024866013634
1 05712U 71115  A 77093.90117618  .23787954 +00000-0 +00000-0 0  9994
2 05712 064.7888 135.1606 5926889 237.9001 051.4283 04.42156315038903
1 05814U 72005  A 72088.79709948  .00000000 +00000-0 +00000-0 0  9990
2 05814 090.0000 092.6592 9417350 307.6323 000.6135 00.19286108000230
1  5941U 72029A   75236.96611111 -.00000066 +00000-0 +10000-3 0  9995
2  5941 064.9280 253.5400 9357800 284.7000 351.6140 00.24939387005147
1 06031U 72037  A 77063.69527735  .00432434 +00000-0 +00000-0 0  9996
2 06031 064.8598 166.3470 7430926 239.9480 035.3050 02.16676737035329
1 06208U 72075  A 77324.60447557  .00031541 +00000-0 +12643-2 0  9990
2 06208 064.8129 053.5335 7521392 240.1031 028.0501 02.02143557037658
1 06231U 72081  A 77263.18438056  .00047562 +00000-0 +25969-3 0  9998
2 06231 064.2342 187.7437 7536429 240.4054 027.7002 02.02163713036166
1 06308U 72098  A 74349.58093019  .00342195 +00000-0 +00000-0 0  9999
2 06308 065.5510 055.2363 7484672 264.3683 014.8924 02.09749341014737
1 06356U 73007  A 77231.71228455  .00390125 +00000-0 +00000-0 1  9992
2 06356 064.5736 033.7645 7348912 250.2431 022.3828 02.26184177033337
1  6364U 73009A   76188.08625000 +.00001878 +00000-0 +10000-3 0  9997
2  6364 065.0020 197.0800 9317300 290.7900 090.5950 00.24962625005930
1 06418U 73018  A 78293.25142569  .00219596 +00000-0 +34295-2 0  9998
2 06418 064.8531 079.6625 7528933 236.5372 030.1557 02.02174846040614
1 06722U 73045  A 78179.78172039  .03938010 +00000-0 +00000-0 0  9999
2 06722 064.8569 153.7208 6753391 237.1441 040.2695 03.07509208036514
1 06791U 73056  A 73242.52203195  .00000000 +00000-0 +00000-0 0  9999
2 06791 063.2883 290.7251 7395049 268.9404 014.1426 02.04029390000176
1 06805U 73061  A 79028.15794904 -.00002203 +28299-4 +00000-0 0  9993
2 06805 064.8609 064.3471 7460558 237.4961 029.6732 02.11670170039710
1 06877U 73076  A 83143.70344816  .00348483 -44608-4 +38462-3 0  9996
2 06877 064.0954 028.4361 7484282 246.6827 022.7549 02.09530495069137
1 06932U 73089  A 79156.13408952  .00016695 +00000-0 +21512-3 0  9998
2 06932 064.7110 119.0863 7529714 239.8770 026.9294 02.02203627040718
1 07325U 74040  A 78035.00000005  .00000782 +00000-0 +00000-0 0  9997
2 07325 083.0730 275.8030 8975490 227.8450 259.2170 00.46796613006324
1 07352U 74050  A 90148.54922940  .00051459 -59100-4 +23549-2 0  9999
2 07352 061.9140 224.3956 7514299 208.1927 072.9985 02.02573250116584
1 07480U 74081  A 85300.04011123  .00228209 -39600-4 +22868-3 0  9992
2 07480 063.4543 359.7032 7477641 244.7593 024.0455 02.10446868080709
1 07583U 74102  A 88104.62776512  .00063119 +58202-4 +99999-4 0  9994
2 07583 061.9161 125.6800 7442264 259.6991 016.9993 02.14282756001882
1 07641U 75009  A 85124.71477846  .00005829 -40300-4 +00000-0 0  9999
2 07641 063.8898 017.3592 7378878 244.0637 025.7257 02.22185698071675
1 07687U 75017  A 75078.54518288  .00000000 +00000-0 +00000-0 0  9996
2 07687 063.4531 316.4023 7394436 268.8005 014.1907 02.03892316000204
1 07738U 75029  A 91253.87934758  .00001006 +00000-0 +99999-4 0  9995
2 07738 063.5759 126.0826 6928641 268.7471 018.0482 02.00649822096009
1 07903U 75049A   86317.12101980  .00242890 -43172-4 +45718-3 0  9996
2 07903 063.3877 006.6067 7460248 255.2943 019.2241 02.11991098083898
1 07910U 75049  B 77099.29166667  .00008000 +00000-0 +00000-0 0  9995
2 07910 062.9510 132.8500 7302390 281.2640 245.3500 01.95527180013245
1 08062U 75072  A 78135.61193286  .00000355 +00000-0 +00000-0 0  9990
2 08062 096.5439 040.4972 7081866 304.4968 118.4377 00.65379858001351
1 08187U 75079  A 85134.73935898  .00004815 -33299-4 +00000-0 0  9994
2 08187 063.8300 009.6156 7088452 243.9839 029.5896 02.60485797071213
1 08833U 76041  A 90001.23953823  .00389032 -56400-4 +14320-3 0  9993
2 08833 062.1442 116.4632 7436641 261.6488 016.3311 02.16674298100294
1 09049U 76074  A 87133.89355108  .00076982 -28702-4 +99999-4 0  9992
2 09049 063.4253 006.5739 6825861 257.2260 024.2898 02.95930337078882
1 09557U 76112  A 77261.25000000  .00002839 +00000-0 +00000-0 0  9995
2 09557 066.5830 152.0285 9033700 284.2771 031.3187 00.25136408000824
1 09574U 76116  A 90365.36568654  .01256716 -48900-4 +22089-3 0  9990
2 09574 061.9834 093.4109 7360312 262.5130 016.6857 02.27057420000119
1 09635U 76127  A 90036.94900654  .01780754 -42100-4 +45987-3 0  9991
2 09635 062.3562 152.0785 6885854 255.2535 025.2457 02.89994479100409
1 10422U 77102  A 87264.99999999  .00000563 +00000-0 +99999-4 0  9998
2 10422 008.7080 183.4537 9125640 238.5692 075.1621 00.41874656027997
1 10423U 77102  B 87264.99999999  .00000560 +00000-0 +99999-4 0  9996
2 10423 008.7356 183.7193 9125162 238.2552 074.7790 00.41875326027151
1 10605U 78009  A 89273.18087801  .00337706 +41645-4 +30958-3 0  9996
2 10605 063.3306 337.5857 7358567 241.7172 031.7238 02.25512845085795
1 10696U 78024  A 92068.31796552  .01625663 -40000-6 +33114-4 0  9992
2 10696 061.7032 101.3004 3344290 263.6101 046.8252 09.08583016000115
1 11088U 78101  A 80292.15233048  .00112247 -77262-3 +99999-4 0  9996
2 11088 069.5453 127.4429 9392959 277.9108 001.6198 00.24462804001513
1 11700U 80013  A 80042.57616330  .00000177 +00000-0 +99999-4 0  9990
2 11700 062.8180 104.2910 7478928 280.4200 010.4817 01.95420372000008
1 12116U 80103  A 80359.27778795  .00001291 +00000-0 +00000-0 0  9993
2 12116 065.8300 193.2399 9302998 290.8199 001.2469 00.25316500000003
1 13107U 82023  A 92121.67837354  .00404647 -41200-4 +39112-3 0  9991
2 13107 063.8191 003.4761 7408512 242.8484 026.2417 02.19143805074110
1 13685U 82115  A 93108.97247914  .00000025 +00000-0 +99999-4 0  9990
2 13685 002.4523 050.2830 6965170 237.3385 036.5692 02.03764909009756
1 14095U 83051A   86126.09205313  .00115177 -77240-3 +99999-4 0  9997
2 14095 075.1198 202.9000 9363921 245.7771 003.2013 00.26657260015976
1 15167U 84083  A 93074.11758258  .00000182 +00000-0 +99999-4 0  9993
2 15167 064.3801 230.9652 6943193 273.3691 016.1430 02.05380044055367
1 15200U 84088B   86365.88149185  .00000335 +00000-0 +00000-0 0  9999
2 15200 022.1782 292.7509 8824794 118.4858 357.5003 00.54257720000019
1 15201U 84088C   97099.00000000 -.00000662  00000-0  10000-3 0  9990
2 15201 022.0586 280.0838 8843992 334.4427 344.6578 00.54144034 25024
1 15653U 85030  A 91233.24801383  .00002185 +00000-0 +56842-2 0  9996
2 15653 026.3429 219.9246 6344497 121.0516 315.9976 03.38751099000470
1 15661U 85033  A 85349.94326365  .00000760 +00000-0 +00000-4 0  9992
2 15661 076.7634 320.1054 8842555 317.1804 001.3489 00.24896840000602
1 15875U 85056  A 85183.71452432  .00000000 +00000-0 +00000-0 0  9993
2 15875 006.9865 264.8091 7301153 177.9963 187.9371 02.28014901000029
1 20352U 89096A   99141.75000000 +.00000000 +00000-0 +00000-0 0  9990
2 20352 048.7873 283.4465 9390426 021.8293 352.6408 00.24428860011724
1 22049U 92044A   18293.71019735 -.00001575 +00000-0 +00000-0 0  9991
2 22049 012.1893 072.1108 5510687 132.9024 000.8138 00.19182933010394
1 22068U 92050A   08090.07126951  .00081002  20360-6  10000-3 0  9994
2 22068 061.4234 120.4751 4232825 269.9804 042.9330 07.21307907115547
1 22973U 94004  A 94048.00000000 -.00014888 +00000-0 +10000-3 0  9999
2 22973 063.7849 059.2740 9660896 205.9201 046.9616 00.08911390003569
1 23333U 94071  A 94305.49999999 -.00172956 +26967-3 +10000-3 0  9991
2 23333 028.7490 002.3720 9728298 030.4360 001.3500 00.07309491000070
1 23632U 95039A   00290.58333333 +.00000000 +00000-0 +00000-0 0  9994
2 23632 066.2182 240.6926 9385991 005.5288 359.7036 00.26411533017189
1 23646U 95039F   97099.00000000 -.00001302 +00000-0 +10000-3 0  9992
2 23646 070.3422 248.3458 7715642 328.5234 102.6257 00.26402863001616
1 25017U 97064A   97334.38665906  .00079636 -30957-6  38009-3 0  9995
2 25017 034.5124 028.6818 3942148 277.6608 040.4643 07.71857302 30033
1 25383U 98041A   98226.99187500 +.00003099 +00000-0 +00000-0 0  9990
2 25383 027.3010 240.9300 9718370 156.3990 359.9900 00.06886564000044
1 26859U 01027A   01208.35486111 -.00014293 +00000-0 +10000-3 0  9994
2 26859 027.8097 031.0262 9441726 052.5765 032.2971 00.09816132000039
1 27457U 02034A   02218.70833333 +.00000000 +00000-0 +00000-0 0  9997
2 27457 030.5521 190.6101 8915936 340.4630 356.7346 00.57921679000002
1 27540U 02048A   18282.55299481  .00000589  00000-0  00000+0 0  9997
2 27540  48.8022 161.3352 8606838 270.9969   0.7118  0.37528858 16084
1 27949U 03043C   03322.30000000 -.00000045 +00000-0 +00000-0 0  9994
2 27949 006.8750 156.0810 6168022 202.5360 086.6250 01.75644504001063
1 28140U 03061A   07287.06978781 +.01244379 -22592-5 +10000-3 0  9995
2 28140 018.8616 210.3539 4780782 049.3666 343.3587 06.28920458006227
1 28943U 06006A   06082.53518356  .00004790  00000-0  74251-2 0  9991
2 28943 051.5608 093.4753 5081311 016.9233 355.2574 05.25860235  1195
1 30581U 07004B   10095.89583333 -.15399425  00000-0  99999-4 0  9993
2 30581 016.6405 318.7761 9672524 258.4792 301.1994 00.02053516  6438
1 30582U 07004C   10095.94791667 -.00028999  00000-0  99999-4 0  9990
2 30582 025.5707 349.3222 6489751 071.1237 089.1304 00.02043025  5772
1 32249U 07043A   07270.52836325 -.00000070 +00000-0 +00000-0 0  9992
2 32249 028.6369 001.0332 3362896 301.3662 050.8261 02.66564887000007
1 32273U 07051A   07299.50000000 -.00000211  00000-0  00000+0 0  9996
2 32273 031.0300 168.7760 8352900 185.0210 035.8162 00.99670452    24
1 33401U 08051A   17218.24856028 -.00002000  00000-0  00000+0 0  9991
2 33401  30.2157  94.3610 7460229   3.0421   7.6340  0.10111689  3699
1 33405U 08052A   08304.99924557 -.00001620  00000-0  00000+0 0  9994
2 33405 018.0795 351.8234 9494907 173.1090 116.9936 00.16996926    09
1 37755U 11037A   18264.20000000  .00000083  00000-0  00000+0 0  9992
2 37755  51.5880 113.3680 8331057 181.9940 359.9340  0.11829941  3008
1 37798U 11045A   12085.30281836  .00024870  00000-0  20259+0 0  9990
2 37798 051.1173 178.2215 5826753 102.1277 325.4888 03.96334517  8755
1 39246U 13047A   13274.41666670 -.00017976  00000-0  00000+0 0  9992
2 39246 038.6000 228.5760 9598378 157.4930 358.5830 00.10081861    31
1 39370U 13060A   13319.85296673 -.00001668  00000-0  00000+0 0  9996
2 39370 019.4167 122.9551 9306301 288.8779 002.1288 00.25833433   156
1 40283U 14065A   14296.61771037 -.00016976 -40384-4  00000+0 0  9990
2 40283 030.4737 296.6387 9755090 146.2479 349.5224 00.09145111    03
1 40329U 14077A   14339.67323575  .00000664 -41268-5  00000+0 0  9997
2 40329 028.7576 075.6738 3146784 137.0882 324.4902 09.74416702    29
1 43205U 18017A   18038.22157858  .00505133 -52681-6  23951-2 0  9997
2 43205  29.0196 286.7252 3400758 181.1849 342.1043  8.76376464    24
1 43435U 18038A   18124.35259418 -.00013193  00000-0  00000+0 0  9999
2 43435  28.9141  36.7562 9597568 230.9244 354.5130  0.10934850    10
1 43470U 18045A   18140.97000001 -.00010094 +00000-0 +00000-0 0  9992
2 43470 027.5020 209.5210 9658153 171.2240 002.0960 00.09844104000017
1 43471U 18045B   18140.97000001 -.00010094 +00000-0 +00000-0 0  9993
2 43471 027.5020 209.5210 9658153 171.2240 002.0960 00.09844104000018
1 43472U 18045C   18140.97000001 -.00010094 +00000-0 +00000-0 0  9994
2 43472 027.5020 209.5210 9658153 171.2240 002.0960 00.09844104000019
